3.325142294002506604e-01
0.000000000000000000e+00
1.623916475112012758e-01
-4.637862985709682537e-17
-1.135129053751157619e-17
-5.122320773375067526e-01
0.000000000000000000e+00
1.630467013569519839e-07
-1.947053074412069193e-02
5.686921579004512692e-17
4.089666608039870255e-01
-4.831845332159690400e-17
1.635924689554346393e-07
-2.849596354125875919e-02
2.674733336920363661e-07
-2.366806994563326605e-01
1.615386045626352239e-07
-2.317386739534570486e-02
-1.617706911711789965e-07
-1.924774645251385308e-01
1.883095949615819042e-07
-6.379675176237539769e-03
-4.917047034125561214e-08
-5.298867805570079553e-02
4.100077359977134574e-08
-2.869366573065674705e-02
1.724514519055396652e-07
-2.383226326638006598e-01
4.222255943111301120e-08
-9.033315847680427682e-03
1.775903485747107785e-07
-7.502848869800365916e-02
7.921531774300843072e-08
-8.429005302064068034e-03
-8.742148780969362281e-08
-7.000976547263176863e-02
-8.020450520142087491e-08
1.178760556632236231e-03
8.326091234047250848e-08
9.791187519425597827e-03
