3.325142294002506604e-01
0.000000000000000000e+00
1.623916475112012758e-01
-4.637862985709682537e-17
-1.135129053751157619e-17
-5.122320773375067526e-01
0.000000000000000000e+00
1.630467013569519839e-07
-1.947053074412069193e-02
5.686921579004512692e-17
4.089666608039870255e-01
-4.831845332159690400e-17
1.635924689554346393e-07
-2.849596354125875919e-02
2.674733336920363661e-07
-2.366806994563326605e-01
1.615386045626352239e-07
-2.317386739534570486e-02
-1.617706911711789965e-07
-1.924774645251385308e-01
1.883095949615819042e-07
-6.379675176237539769e-03
-4.917047034125561214e-08
-5.298867805570079553e-02
4.100077359977134574e-08
-2.869366573065674705e-02
1.724514519055396652e-07
-2.383226326638006598e-01
4.222255943111301120e-08
-9.033315847680427682e-03
1.775903485747107785e-07
-7.502848869800365916e-02
7.921531774300843072e-08
-8.429005302064068034e-03
-8.742148780969362281e-08
-7.000976547263176863e-02
-8.020450520142087491e-08
1.178760556632236231e-03
8.326091234047250848e-08
9.791187519425597827e-03
4.478542499999999649e+00
3.136247899999999866e+00
2.307642799999999994e+00
1.806969899999999907e+00
1.568757600000000085e+00
1.568757600000000085e+00
1.806969899999999907e+00
2.307642799999999994e+00
3.136247899999999866e+00
4.478542499999999649e+00
1.952239000000000058e+00
1.438960599999999923e+00
9.980522600000000244e-01
5.889459900000000303e-01
1.948179100000000108e-01
-1.948179100000000108e-01
-5.889459900000000303e-01
-9.980522600000000244e-01
-1.438960599999999923e+00
-1.952239000000000058e+00
-5.557358399999999810e-01
-2.274044600000000096e-02
3.062802700000000211e-01
5.050863500000000172e-01
5.996751500000000457e-01
5.996751500000000457e-01
5.050863500000000172e-01
3.062802700000000211e-01
-2.274044600000000096e-02
-5.557358399999999810e-01
-1.443289900000000047e-15
2.220445999999999902e-16
1.332267600000000089e-15
1.942890299999999850e-15
2.109423699999999993e-15
1.887379100000000077e-15
1.665334499999999964e-15
8.881784200000000558e-16
-6.661338100000000428e-16
-2.220445999999999951e-15
8.257283700000000066e-16
4.440892100000000279e-16
-2.151057099999999921e-16
-3.677613799999999825e-16
-3.330669100000000205e-16
-3.053113299999999826e-16
-2.567390699999999769e-16
2.775557600000000291e-17
4.857225699999999634e-16
1.054711899999999988e-15
1.214306399999999913e-16
-9.020562099999999762e-17
-3.469447000000000364e-18
-3.122502299999999788e-17
5.204170399999999747e-18
1.040834100000000032e-17
-1.040834100000000032e-17
0.000000000000000000e+00
1.387778800000000145e-17
2.220445999999999902e-16
-9.714451499999999249e-16
-3.053113299999999826e-16
2.775557600000000291e-17
2.498001800000000035e-16
2.775557599999999921e-16
3.053113299999999826e-16
3.330669100000000205e-16
1.110222999999999951e-16
0.000000000000000000e+00
-4.996003600000000070e-16
6.938893900000000314e-17
3.608224800000000109e-16
5.273559399999999956e-16
4.996003600000000070e-16
5.134781499999999520e-16
4.440892100000000279e-16
4.163336299999999900e-16
3.608224800000000109e-16
1.665334500000000111e-16
-1.665334500000000111e-16
1.020017400000000031e-15
4.198030799999999758e-16
1.691355399999999877e-16
-5.464378899999999960e-17
-1.196959199999999975e-16
-1.405125999999999899e-16
-1.474515000000000108e-16
1.214306400000000036e-17
2.359223900000000092e-16
5.169475999999999871e-16
-1.637579000000000059e-15
-9.853229300000000690e-16
-6.383782399999999537e-16
-3.747002700000000052e-16
-2.359223900000000092e-16
-2.498001800000000035e-16
-3.608224800000000109e-16
-6.383782399999999537e-16
-7.771561199999999991e-16
-1.554312200000000005e-15
